tau2015_crc32d16N
     0  79060 ( 24588)  39404 ( 20936)  10072 (  1320)   1852 (     0)  34684 ( 24588) End Performing STA 1
     0  79188 ( 24716)  39756 ( 21316)   9944 (  1224)   1852 (     0)  34812 ( 24716) End Performing STA 2
tau2015_cordic_core_eval
     2  113832 ( 59360)  73760 ( 55252)   9936 (  1152)   1852 (     0)  69456 ( 59360) End Performing STA 1
     2  114364 ( 59892)  75004 ( 56636)  10048 (  1392)   1852 (     0)  69988 ( 59892) End Performing STA 2
tau2015_softusb_navre_eval
     7  153584 ( 99112)  113820 ( 95392)   9952 (  1240)   1852 (     0)  109208 ( 99112) End Performing STA 1
     6  154776 ( 100304)  114400 ( 96132)  10076 (  1528)   1852 (     0)  110400 ( 100304) End Performing STA 2
tau2015_tip_master_eval
   111  476552 ( 422080)  435088 ( 416660)   9928 (  1224)   1852 (     0)  432176 ( 422080) End Performing STA 1
   107  480896 ( 426424)  439868 ( 421432)   9940 (  1224)   1852 (     0)  436520 ( 426424) End Performing STA 2
fft_ispd_eval
   153  538156 ( 483684)  499880 ( 481476)   9928 (  1240)   1852 (     0)  493780 ( 483684) End Performing STA 1
   149  546792 ( 492320)  508208 ( 489744)  10072 (  1320)   1852 (     0)  502416 ( 492320) End Performing STA 2
cordic_ispd2
   200  593664 ( 539192)  552768 ( 534360)  10028 (  1344)   1852 (     0)  549288 ( 539192) End Performing STA 1
   199  602708 ( 548236)  563632 ( 545356)  10020 (  1460)   1852 (     0)  558332 ( 548236) End Performing STA 2
